%Instrument file for trumpet
global temperature bore vpos vdl vbl custominstrument
custominstrument=0;
temperature=20;%temperature in C
%valve values, assumes that valve is constant cylinder where cross section
%in and out of valves is same as point on instrument
vpos=[600];%position of valve in mm
vdl=[20];%default tube length mm
vbl=[200];%bypass tube length mm (will add default length to either side of bypass tubes)
%bore in axial position (mm) and diameter(mm) pairs [x,d]
%bore=dlmread('SmithWatkinsTrumpet_KellyScrmouthpieceBORE.txt');
bore=[0,18;
2,17.1;
5,15.6;
10,12.7;
15,10;
20,7.8;
25,6;
30,5.2;
35,5.1;
38,5.1;
43,5.2;
48,5.4;
53,5.6;
58,5.9;
63,6.4;
63.1,7.83;
64.5,7.83;
69.5,7.98;
74.5,8.03;
79.5,8.09;
174.9,9;
244.9,9.25;
314.9,9.85;
384.9,10.15;
454.9,10.4;
524.9,10.7;
594.9,10.9;
664.9,10.9;
734.9,11;
804.9,11.15;
874.9,11.2;
944.9,11.2;
1014.9,11.25;
1084.9,10.95;
1119.9,11.25;
1189.9,11.25;
1259.9,11.1;
1329.9,11.15;
1399.9,11.2;
1469.9,11.1;
1539.9,11.1;
1609.9,11.25;
1679.9,11.3;
1749.9,11.45;
1819.9,11.4;
1889.9,11.45;
1959.9,11.4;
2029.9,11.4;
2099.9,11;
2169.9,11.1;
2182.9,11.25;
2208,11.19;
2208.1,11.85;
2209.7,11.74;
2214.7,11.4;
2219.7,11.14;
2224.7,10.88;
2229.7,10.67;
2234.7,10.55;
2239.7,10.61;
2239.8,11.32;
2241.7,11.25;
2246.7,11.04;
2247.9,11;
2317.9,11.1;
2387.9,11.4;
2457.9,11.8;
2527.9,11.55;
2597.9,11.85;
2667.9,12.1;
2737.9,12.3;
2807.9,12.5;
2877.9,12.7;
2947.9,12.9;
3012.9,13.2;
3030.1,13.4;
3100.1,13.2;
3170.1,13.95;
3240.1,14;
3310.1,14.3;
3380.1,14.45;
3450.1,14.9;
3520.1,14.9;
3590.1,15.1;
3660.1,15.15;
3730.1,15.35;
3800.1,15.8;
3832.6,15.95;
3852.6,16.4;
3922.6,17.7;
3992.6,19.35;
4062.6,21.3;
4132.6,24.35;
4202.6,27.1;
4253.6,29.96;
4272.6,32.4;
4284.6,33.12;
4305.6,36.6;
4321.1,38.95;
4340.1,40.45;
4369.6,44.7;
4393.6,49.4;
4413.6,54.6;
4429.1,60.34;
4442.1,66.69;
4454.1,73.7;
4463.6,81.45;
4472.6,90.02;
4479.6,99.48;
4486.6,109.9;
4493.1,121.5;
4499.1,134.3;
4504.1,148.4;
4509.1,164;
4514.6,181.3;
4516.1,190;
];